 1   2  14   4  12  13  11   3   0  15   6   8   5   9   7  10
 1   1   0   0   0   0   0   1   1   0   0   0   0   0   0   0
14   2   3   4   5   6   0   7  15  11   9   8  10   1  13  12
 0   1   1   0   0   0   1   0   0   0   0   0   0   1   0   0
12   2   3   4  15   6  13  10   9  11   1   0  14   8   7   5
 0   1   1   0   0   0   0   0   0   0   1   1   0   0   0   0
 1  15   3   7  14  11   9   4   2   0   5  12   6  13  10   8
 1   0   1   0   0   0   0   0   1   1   0   0   0   0   0   0
 1  12   3   8   5   7   9  10  11  14   6   4   2  15   0  13
 1   0   1   0   0   0   0   0   0   0   0   0   1   0   1   0
 7   9   3   4   5  14  15   8  10   2  12   1  11   0   6  13
 0   0   1   0   0   0   0   0   0   1   0   1   0   1   0   0
15   2  10   8  12   6  14   0  11   5   3   4   9   7  13   1
 0   1   0   0   0   0   0   1   0   0   1   0   0   0   0   1
11   2   7  12   5   9   0  13  10   6   8   1   4  14   3  15
 0   1   0   0   0   0   1   0   0   0   0   1   0   0   1   0
 1   2  12   4   5  15   9   6  13  11  14   0   3  10   8   7
 1   1   0   0   0   0   0   0   0   0   0   1   1   0   0   0
 1  10   3   8   9  13   0   2   4   5  12   7  14   6  15  11
 1   0   1   0   0   0   1   1   0   0   0   0   0   0   0   0
 9   2  14   4   5   8  13  10  15  12   0   7   1  11   3   6
 0   1   0   0   0   0   0   0   0   0   1   0   1   0   1   0
10   2   3   4  15  14   0   9   7   8  13  12   1  11   6   5
 0   1   1   0   0   0   1   0   0   0   0   0   1   0   0   0
 1   2   3   4  15   6  13   9   5   0  12  14   8   7  10  11
 1   1   1   0   0   0   0   0   0   1   0   0   0   0   0   0
11   9   3   4  15  13   0   8   1  10   2  12  14   6   7   5
 0   0   1   0   0   0   1   0   1   0   1   0   0   0   0   0
11   7   3   4   9  14   0   2   6  12   1  10   5   8  13  15
 0   0   1   0   0   0   1   1   0   0   1   0   0   0   0   0
 8   9   3   4   5  14  11  13  10   2   1  15  12   7   6   0
 0   0   1   0   0   0   0   0   0   1   1   0   0   0   0   1



 0   1   2   3     4   5   6   7     8   9  10  11    12  13  14  15
 ...................................................................
 1   1   0   0     0   0   0   1     1   0   0   0     0   0   0   0

 0   1   1   0     0   0   1   0     0   0   0   0     0   1   0   0

 0   1   1   0     0   0   0   0     0   0   1   1     0   0   0   0

 1   0   1   0     0   0   0   0     1   1   0   0     0   0   0   0


 1   0   1   0     0   0   0   0     0   0   0   0     1   0   1   0

 0   0   1   0     0   0   0   0     0   1   0   1     0   1   0   0

 0   1   0   0     0   0   0   1     0   0   1   0     0   0   0   1

 0   1   0   0     0   0   1   0     0   0   0   1     0   0   1   0


 1   1   0   0     0   0   0   0     0   0   0   1     1   0   0   0

 1   0   1   0     0   0   1   1     0   0   0   0     0   0   0   0

 0   1   0   0     0   0   0   0     0   0   1   0     1   0   1   0

 0   1   1   0     0   0   1   0     0   0   0   0     1   0   0   0


 1   1   1   0     0   0   0   0     0   1   0   0     0   0   0   0

 0   0   1   0     0   0   1   0     1   0   1   0     0   0   0   0

 0   0   1   0     0   0   1   1     0   0   1   0     0   0   0   0

 0   0   1   0     0   0   0   0     0   1   1   0     0   0   0   1




 1   1   0   0     0   0   0   1     1

 0   1   1   0     0   0   1   0     0   0   0   0     0   1

 0   1   1   0     0   0   0   0     0   0   1   1

 1   0   1   0     0   0   0   0     1   1


 1   0   1   0     0   0   0   0     0   0   0   0     1   0   1

 0   0   1   0     0   0   0   0     0   1   0   1     0   1

 0   1   0   0     0   0   0   1     0   0   1   0     0   0   0   1

 0   1   0   0     0   0   1   0     0   0   0   1     0   0   1


 1   1   0   0     0   0   0   0     0   0   0   1     1

 1   0   1   0     0   0   1   1

 0   1   0   0     0   0   0   0     0   0   1   0     1   0   1

 0   1   1   0     0   0   1   0     0   0   0   0     1


 1   1   1   0     0   0   0   0     0   1

 0   0   1   0     0   0   1   0     1   0   1

 0   0   1   0     0   0   1   1     0   0   1

 0   0   1   0     0   0   0   0     0   1   1   0     0   0   0   1




 1   1   0   0     0   0   0   1     1   0   1   1     0   0   0   1

 0   0   0   0     0   0   1   0     1   1   0   0     0   0   0   0
 
 0   1   1   1     0   1   0   0     0   0   0   1     1   1   0   1
 
 0   0   0   0     0   0   0   0     0   1   0   1     0   0   1   0
 
 
 0   0   0   0     0   1   0   1     0   1   0   1     0   0   0   0

 0   1   0   0     1   0   0   0     0   1   0   1     0   0   0   0
 
 1   0   0   0     0   1   0   0     1   1   1   0     0   0   0   0
 
 0   0   0   0     1   1   1   0     1   0   0   0     1   1   0   1
 
 
 0   0   0   0     0   0   0   0     1   0   1   0     1   0   1   1
 
 0   0   0   1     0   0   0   0     0   1   1   1     1   0   0   0
 
 0   0   0   1     0   0   1   0     0   0   1   0     1   0   1   0
 
 0   1   0   0     0   1   1   0     0   1   0   0     1   0   0   0
 
 
 0   0   0   1     1   0   0   0     0   1


















1   1   0       0   1     1   0   0   0     0   0   0   0                     1   1   0   100101000      0   1   000011     1   0   0   0   0231111    0   0   0   0   300133
                                                                                                                                                                    
0   1   1       1   0     0   0   0   0     0   1   0   0                     0   1   1                  1   0              0   0   0   0              0   1   0   0
                                                                                                                                                                    
0   1   1       0   0     0   0   1   1     0   0   0   0                     0   1   1                  0   0              0   0   1   1              0   0   0   0
                                                                                                                                                                    
1   0   1       0   0     1   1   0   0     0   0   0   0                     1   0   1                  0   0              1   1   0   0              0   0   0   0
             
             
1   0   1       0   0     0   0   0   0     1   0   1   0
             
0   0   1       0   0     0   1   0   1     0   1   0   0
             
0   1   0       0   1     0   0   1   0     0   0   0   1
             
0   1   0       1   0     0   0   0   1     0   0   1   0
             
             
1   1   0       0   0     0   0   0   1     1   0   0   0
             
1   0   1       1   1     0   0   0   0     0   0   0   0
             
0   1   0       0   0     0   0   1   0     1   0   1   0
             
0   1   1       1   0     0   0   0   0     1   0   0   0
             
             
1   1   1       0   0     0   1   0   0     0   0   0   0
             
0   0   1       1   0     1   0   1   0     0   0   0   0
             
0   0   1       1   1     0   0   1   0     0   0   0   0
             
0   0   1       0   0     0   1   1   0     0   0   0   1



















14   4  12  13  11  15   6   8   5   9   7  10
 0   1   0   0   0   0   1   0   1   0   1   0
14   4   5   6   7  15  11   9   8  10  13  12
 0   1   1   1   1   0   0   0   0   0   0   0
12   4  15   6  13  10   9  11  14   8   7   5
 0   1   0   1   0   0   0   0   0   0   1   1
15   7  14  11   9   4   5  12   6  13  10   8
 0   1   0   0   0   1   1   0   1   0   0   0
12   8   5   7   9  10  11  14   6   4  15  13
 0   0   1   1   0   0   0   0   1   1   0   0
 7   9   4   5  14  15   8  10  12  11   6  13
 1   0   1   1   0   0   0   0   0   0   1   0
15  10   8  12   6  14  11   5   4   9   7  13
 0   0   0   0   1   0   0   1   1   0   1   0
11   7  12   5   9  13  10   6   8   4  14  15
 0   1   0   1   0   0   0   1   0   1   0   0
12   4   5  15   9   6  13  11  14  10   8   7
 0   1   1   0   0   1   0   0   0   0   0   1
10   8   9  13   4   5  12   7  14   6  15  11
 0   0   0   0   1   1   0   1   0   1   0   0
 9  14   4   5   8  13  10  15  12   7  11   6
 0   0   1   1   0   0   0   0   0   1   0   1
10   4  15  14   9   7   8  13  12  11   6   5
 0   1   0   0   0   1   0   0   0   0   1   1
 4  15   6  13   9   5  12  14   8   7  10  11
 1   0   1   0   0   1   0   0   0   1   0   0
11   9   4  15  13   8  10  12  14   6   7   5
 0   0   1   0   0   0   0   0   0   1   1   1
11   7   4   9  14   6  12  10   5   8  13  15
 0   1   1   0   0   1   0   0   1   0   0   0
 8   9   4   5  14  11  13  10  15  12   7   6 
 0   0   1   1   0   0   0   0   0   0   1   1





 0   1   2   3     4   5   6   7     8   9  10  11
 .................................................
 0   1   0   0     0   0   1   0     1   0   1   0
 
 0   1   1   1     1   0   0   0     0   0   0   0
 
 0   1   0   1     0   0   0   0     0   0   1   1
 
 0   1   0   0     0   1   1   0     1   0   0   0
 
 
 0   0   1   1     0   0   0   0     1   1   0   0
 
 1   0   1   1     0   0   0   0     0   0   1   0
 
 0   0   0   0     1   0   0   1     1   0   1   0
 
 0   1   0   1     0   0   0   1     0   1   0   0
 
 
 0   1   1   0     0   1   0   0     0   0   0   1
 
 0   0   0   0     1   1   0   1     0   1   0   0
 
 0   0   1   1     0   0   0   0     0   1   0   1
 
 0   1   0   0     0   1   0   0     0   0   1   1
 
 
 1   0   1   0     0   1   0   0     0   1   0   0
 
 0   0   1   0     0   0   0   0     0   1   1   1
 
 0   1   1   0     0   1   0   0     1   0   0   0
 
 0   0   1   1     0   0   0   0     0   0   1   1






 0   1   0   0     0   0   1   0     1   0   1   0
 
 1   1   1   1     0   1   0   1     0   0   0   0
 
 0   0   1   1     0   1   0   0     0   1   1   0
 
 1   0   0   1     1   0   0   0     0   1   1   1
 

 0   1   1   0     0   0   0   0     0   1   0   0
 
 0   0   1   0     0   1   1   0     1   0   1   0
 
 1   0   0   0     1   0   1   0     1   1   0   0
 
 1   0   0   0     0   0   1   0     0   0   0   1
 

 1   0   1   0     1   0   0   1     1   0   0   0
 
 0   0   1   0     1   0   1   0     0   0   1   0
 
 0   0   0   1     1   1   0   1     0   0   1   0
 
 0   0   1   0     0   1   0   0     0   0   0   0
 

 1   1   1   0     1   1   0   0     1   0   0   1 
 
 0   0   1   1     0   0   0   0     0   0   1   1













14  12  13  11  15   8   9  10
 0   0   0   1   0   1   1   1
14  15  11   9   8  10  13  12
 0   0   1   1   1   1   0   0
12  15  13  10   9  11  14   8
 0   0   0   1   1   1   0   1
15  14  11   9  12  13  10   8
 0   0   1   1   0   0   1   1
12   8   9  10  11  14  15  13
 0   1   1   1   1   0   0   0
 9  14  15   8  10  12  11  13
 1   0   0   1   1   0   1   0
15  10   8  12  14  11   9  13
 0   1   1   0   0   1   1   0
11  12   9  13  10   8  14  15
 1   0   1   0   1   1   0   0
12  15   9  13  11  14  10   8
 0   0   1   0   1   0   1   1
10   8   9  13  12  14  15  11
 1   1   1   0   0   0   0   1
 9  14   8  13  10  15  12  11
 1   0   1   0   1   0   0   1
10  15  14   9   8  13  12  11
 1   0   0   1   1   0   0   1
15  13   9  12  14   8  10  11
 0   0   1   0   0   1   1   1
11   9  15  13   8  10  12  14
 1   1   0   0   1   1   0   0
11   9  14  12  10   8  13  15
 1   1   0   0   1   1   0   0
 8   9  14  11  13  10  15  12
 1   1   0   1   0   1   0   0






 0   1   2   3     4   5   6   7
 ...............................
 0   0   0   1     0   1   1   1

 0   0   1   1     1   1   0   0

 0   0   0   1     1   1   0   1

 0   0   1   1     0   0   1   1


 0   1   1   1     1   0   0   0

 1   0   0   1     1   0   1   0

 0   1   1   0     0   1   1   0

 1   0   1   0     1   1   0   0


 0   0   1   0     1   0   1   1

 1   1   1   0     0   0   0   1

 1   0   1   0     1   0   0   1

 1   0   0   1     1   0   0   1


 0   0   1   0     0   1   1   1

 1   1   0   0     1   1   0   0

 1   1   0   0     1   1   0   0

 1   1   0   1     0   1   0   0

